0.1550547269856864 0.1550657269856864
0.36076808722166837 0.36077908722166835
0.2750934784681825 0.2751044784681825
0.7467877577342982 0.7467987577342982
0.12168431447576385 0.12169531447576384
0.23599740562656396 0.23600840562656397
0.37857966162993 0.37859066162993
0.48420325136760384 0.4842142513676038
0.889654885062705 0.8896658850627049
0.36964129085966496 0.36965229085966494
0.5650585046720021 0.5650695046720021
0.4960353142222687 0.4960463142222687
0.6395173571486127 0.6395283571486127
0.984979420243275 0.984990420243275
0.5988660920582382 0.5988770920582381
0.27721622622931036 0.27722722622931034
0.8690863991880949 0.8690973991880949
0.5944565673522152 0.5944675673522152
0.11243527744379496 0.11244627744379496
0.3501869414083097 0.3501979414083097
0.16542322019834815 0.16543422019834816
0.289486448769774 0.28949744876977396
0.360576194341443 0.360587194341443
0.12980524663434628 0.1298162466343463
0.294197240523795 0.29420824052379496
0.21372455080495484 0.21373555080495485
0.2807228972126466 0.2807338972126466
0.4473236953326197 0.44733469533261966
0.41574364731514574 0.4157546473151457
0.9931956547406141 0.9932066547406141
0.2551487622114293 0.2551597622114293
0.12470647606725412 0.12471747606725411
0.49435153480414146 0.49436253480414144
0.25517359252708866 0.25518459252708864
0.4891165942327825 0.48912759423278246
0.4764911396361016 0.4765021396361016
0.750710831048312 0.750721831048312
0.330684070778506 0.33069507077850596
0.021444163814603966 0.021455163814603967
0.9601739352852533 0.9601849352852533
0.7724577573143195 0.7724687573143195
0.5941979611431002 0.5942089611431002
0.9856356078361667 0.9856466078361666
0.11552102446126906 0.11553202446126906
0.6169200657627848 0.6169310657627848
0.49942268282869656 0.49943368282869655
0.5990690703376585 0.5990800703376585
0.20233105982492955 0.20234205982492956
0.800376238129994 0.800387238129994
0.8638227280329499 0.8638337280329499
0.440821177496958 0.44083217749695797
0.07187783112171038 0.07188883112171038
0.35910360072280284 0.3591146007228028
0.227551408553256 0.22756240855325602
0.8839512621319566 0.8839622621319566
0.2868045189258866 0.2868155189258866
0.8827206380791469 0.8827316380791469
0.0010325638502664647 0.0010435638502664646
0.8853711040004807 0.8853821040004807
0.4112433981307467 0.41125439813074666
0.09089728902498136 0.09090828902498135
0.8824822591036857 0.8824932591036857
0.6675028174480692 0.6675138174480691
0.4836447602207324 0.48365576022073237
0.14424026898822812 0.14425126898822813
0.2501631064224808 0.2501741064224808
0.1361017690080904 0.1361127690080904
0.9332792355730194 0.9332902355730194
0.9295423323879844 0.9295533323879844
0.051837106949856944 0.05184810694985695
0.39692743231918454 0.3969384323191845
0.2643863300927594 0.2643973300927594
0.07086662261278794 0.07087762261278793
0.8715767468488759 0.8715877468488759
0.15712773912099803 0.15713873912099804
0.44768770164254185 0.44769870164254183
#0.4784987261586638 0.4785097261586638
#0.1782348465286095 0.1782458465286095
#0.32040108880484525 0.32041208880484523
#0.3614379466939979 0.3614489466939979
#0.45723993737530827 0.45725093737530825
#0.36807508248083526 0.36808608248083524
#0.8028671759669009 0.8028781759669009
#0.21660909147151092 0.21662009147151093
#0.5451193519889125 0.5451303519889125
#0.16419645589994963 0.16420745589994964
