0.3539512441652748
0.40377742789166104
0.37086586802700583
0.4319727826973412
0.08667649623500062

0.777730163897633
0.611469143652253
0.1413441299216771
0.8707527398653918
0.016041993566720647
0.4014882725704694
0.9895374325840207

0.4542864996108713
0.5570422628145655
0.06207406017736794
0.24801263120712091
0.9995939505691871
0.012247295923551338
0.5171543921524384


0.03644151172197452
0.6070805268387336
0.28014128590602816
0.4229925501124745
0.5164383276336579
0.9120055441839421
0.012750319234009266
0.298675256925254
0.1609656093702143
0.15473190083185995
0.5105223115971855
0.8762916650046124
0.7279450710622897
0.8064764237409265
0.41755117419824117
0.11900111795527968
0.7712241047933217
0.35379165482720976
0.3078753730155921
0.8389185380686617
0.6930464699262606
0.8084427906979632
0.5228487226489948
0.48150291313607907
0.22918674544993167
0.17328434330603515
0.9399493813237563
#0.5597931536361638
#0.39832831643974864
#0.0940979656897567
#0.3892245433709369
#0.4181995469805899
#0.8956732665570508
#0.48855506783775837
#0.2101572368259732
#0.08530537646511771
#0.29348914847700214
